2  1.12735
4  0.093429
5  -0.872538
7  0.347562
12  1.28231
14  0.113866
15  -1.13697
18  -0.152919
20  1.07442
22  -0.198853
23  -0.719965
25  -1.39867
28  -0.704761
30  1.4539
32  -0.802338
33  -0.798549
36  -1.10794
37  -0.930428
40  -0.770885
41  0.703873
44  1.36467
46  -0.817715
47  -0.960668
49  -0.805875
51  -0.446962
53  -1.5706
56  0.0784875
57  1.07193
59  0.696947
61  1.42818
64  -0.850862
68  -0.592137
69  0.469859
72  -0.716494
73  0.645831
76  0.917772
78  -0.742295
80  0.112255
82  1.39801
84  -0.0660054
85  -0.606705
87  1.34118
89  0.334657
91  -1.36918
93  -1.31064
95  1.56946
98  0.729428
100  -1.16553
101  -1.23566
103  -0.54753
104  -1.51868
106  1.18609
110  -0.624235
112  0.643244
113  -0.199847
116  1.29607
118  0.198658
120  0.322971
121  0.0836439
124  1.29121
126  0.630295
127  -0.701323
130  -1.22511
131  -1.56972
133  0.0886939
136  -0.752127
137  -0.35889
140  -1.40001
141  0.298323
143  0.10574
145  0.269676
148  -0.0649949
149  -0.358406
152  -1.3199
153  1.15047
156  -1.53042
157  0.768273
159  -0.41978
162  -0.421502
164  1.24065
166  0.468509
167  -0.786488
170  -0.537337
171  1.06064
174  0.20142
175  -1.37041
177  -1.55761
179  -0.990339
182  0.774566
184  -0.848042
186  0.462992
188  -1.24981
190  -0.559758
191  1.13565
193  0.886451
195  -0.128458
197  0.312213
200  -0.788079
201  -0.278092
204  -1.03095
205  0.653921
207  -0.697834
209  -0.401476
211  0.901977
214  -0.401195
216  0.0926374
218  0.730979
220  1.56851
222  -0.639406
223  -1.53322
226  0.494148
228  1.07571
230  0.130625
232  0.0135655
233  -0.685262
235  0.591412
237  0.610141
239  -0.32014
242  -0.333898
244  0.802812
245  0.122254
248  1.02296
249  -0.921479
251  -1.15842
254  -0.859161
256  0.283748
257  -0.449413
259  -0.526812
261  0.869133
263  -0.667199
266  -1.06504
268  -0.0832238
269  -0.995773
271  0.0559412
273  -0.606478
276  -0.883354
280  -0.533726
282  0.913877
283  -0.161077
286  1.14382
287  1.53369
289  -1.56974
291  0.883645
293  0.825237
295  1.3367
296  0.744315
297  -0.7067
299  -0.192236
301  1.06752
303  0.970395
305  0.229362
307  -0.822414
309  -0.357609
312  1.00435
313  -0.225766
315  0.511473
318  1.19429
320  -1.20323
322  -0.573131
324  0.71633
325  -0.707214
328  0.384556
329  0.0154089
332  -1.1385
334  0.717533
336  -1.31922
339  -0.270998
341  1.00759
343  -1.48614
345  0.776097
347  1.35611
349  -0.746334
351  -0.465213
354  -0.41613
356  0.059445
357  0.187466
360  -1.39457
364  1.52468
366  -0.214373
367  0.867395
369  -1.18423
371  -1.53658
373  0.207223
376  -0.387374
377  0.868057
379  -1.45411
381  0.274012
383  0.403388
386  0.16462
388  -1.25637
389  -0.0827481
391  0.183337
394  0.786405
395  -1.33779
398  0.332974
399  -0.930232
402  1.07904
403  1.54814
406  -0.376413
407  -0.334239
409  0.561549
411  0.506531
414  -1.18988
415  1.3427
418  -0.756836
419  -1.47718
421  -0.20443
424  -0.717336
426  0.289363
427  -1.4752
429  0.638333
431  -1.30274
433  -0.481857
435  1.48367
439  -0.606945
442  1.40003
446  -1.48026
447  1.18029
451  -0.666227
453  1.46575
455  -0.443048
457  -1.05466
459  -0.991912
463  0.0995253
466  -1.14599
467  0.132915
469  0.431575
472  1.08692
473  -0.32197
475  0.527603
478  -0.743641
479  -1.34903
482  0.862685
483  1.41476
485  0.0470892
487  -1.5234
490  0.0635191
492  0.9228
494  0.8705
495  -1.2212
496  0.507755
497  -0.102527
499  -0.891353
501  0.151406
504  0.0954385
505  -0.571069
508  1.45972
509  -1.1134
511  0.718337
513  -1.56934
515  1.44247
516  -0.49499
517  0.59652
519  0.235289
521  0.480981
523  -1.0584
526  1.38321
527  1.14213
530  1.56959
531  0.0852318
533  0.257008
538  -0.171362
539  0.886599
542  1.48188
544  -0.266012
545  0.0982088
548  1.37467
549  -0.307978
551  -0.8886
553  1.37367
555  0.0379891
558  -0.102282
559  -0.782781
561  -0.984502
563  0.165475
565  0.930878
567  -1.05776
569  -0.366816
572  -1.56164
574  -1.23616
575  -1.25239
576  1.37525
578  1.11707
579  -0.729473
581  -0.162841
584  0.798441
585  -1.1124
588  -1.32761
590  0.466835
592  0.503414
594  -1.24057
595  -0.249349
597  -0.265742
600  -0.318629
602  1.23137
603  1.06984
606  -1.53469
608  0.0394363
610  -1.00887
613  -0.894786
615  0.968105
617  1.22768
619  -0.0538695
622  -0.60934
623  -0.19886
625  0.149232
627  -1.37252
633  1.38711
635  0.66019
637  0.335062
639  -0.821896
641  -1.40248
643  0.380292
646  0.356614
648  0.689444
649  0.413818
652  0.455435
653  0.390312
655  -1.34479
658  -1.47396
660  0.0802788
661  1.18223
663  0.450705
666  0.30946
667  0.655333
669  1.31896
671  0.446446
674  1.34431
675  -1.10072
677  -0.516032
679  1.46443
682  -1.15128
684  0.16764
688  -0.326575
689  -0.879406
692  -0.911249
693  0.180966
696  0.442425
697  0.180136
700  1.08182
701  1.00109
704  -0.0848597
705  1.42802
707  0.471312
710  -1.48869
711  1.27755
714  -0.140755
715  -0.729117
717  -0.0214053
719  0.48962
720  -0.861686
722  1.56078
724  -1.39941
726  0.617904
727  1.20185
730  -0.353008
732  0.202409
736  -1.41368
737  -0.696356
739  -0.432318
741  -0.464533
744  -0.79675
746  1.16169
747  0.198749
750  1.0301
752  -0.188088
754  -0.0121946
755  1.35145
758  -0.3543
760  0.915578
761  -0.840969
763  -0.881444
765  0.563421
767  1.33311
769  -0.39785
772  -0.70432
773  1.56982
776  0.597572
778  1.32681
779  0.242248
782  0.593679
783  -0.0184615
785  1.517
788  0.612476
790  0.995017
792  1.22165
794  0.916051
796  -1.23442
797  0.435488
798  -1.06338
799  0.542073
802  -1.4583
803  0.541118
805  0.202311
807  0.262879
810  1.39612
812  1.07418
814  -0.279705
815  0.208918
817  -0.45655
819  0.971473
821  -0.893217
823  1.19327
826  0.342761
828  -1.47921
830  0.804949
831  0.0589417
834  -0.129066
835  1.41478
837  1.08478
840  -0.895911
841  -0.0630808
844  -0.458566
845  -0.520996
846  0.157049
848  -1.55992
850  -0.985856
852  0.0147949
853  -0.0331275
854  -1.5065
855  0.561625
857  0.209932
859  0.1197
861  -0.0818612
864  0.0600483
865  0.483045
868  1.44464
869  -1.22253
871  1.33728
874  1.03665
876  1.16145
877  1.26007
880  -1.41283
881  -0.760661
883  -0.726552
885  1.55108
887  1.10052
890  0.674867
892  -0.0973801
896  -0.686745
897  0.916003
900  -1.01732
901  0.247835
904  -1.47541
905  -1.55391
908  0.450032
910  -1.14905
912  -0.23821
913  0.577793
915  -1.16934
917  0.444372
919  1.09564
920  1.37696
921  1.11486
923  -0.761071
925  -0.393034
926  1.3124
927  -0.249813
930  -0.0298586
932  1.22035
933  -0.212935
935  -1.35779
937  -1.10787
939  -1.22481
941  -0.77836
943  0.701616
945  0.171965
948  -0.794632
949  -1.2985
952  1.18993
955  -0.108601
958  -0.260302
959  0.196468
962  0.167331
963  0.528407
966  0.986278
967  0.4664
969  -1.31544
972  1.25153
973  -0.745269
978  -1.04793
979  0.154803
982  0.469628
984  -1.4994
986  -0.957974
990  1.26822
991  0.997626
993  1.31461
996  -0.0377819
997  -0.975587
1000  -0.20571
2  1.12735
4  0.093429
7  -0.872538
17  0.347562
24  1.28231
34  0.113866
35  -1.13697
38  -0.152919
40  1.07442
42  -0.198853
45  -0.719965
47  -1.39867
50  -0.704761
52  1.4539
54  -0.802338
55  -0.798549
58  -1.10794
59  -0.930428
64  -0.770885
67  0.703873
70  1.36467
72  -0.817715
73  -0.960668
75  -0.805875
81  -0.446962
83  -1.5706
86  0.0784875
89  1.07193
91  0.696947
93  -0.23984
95  1.42818
98  -0.850862
102  -0.592137
105  0.469859
108  -0.716494
109  0.645831
112  0.917772
114  -0.742295
116  0.112255
118  1.39801
120  -0.0660054
125  -0.606705
129  1.34118
131  0.334657
133  -1.36918
135  -1.31064
137  1.56946
141  -1.19679
146  0.729428
148  -1.16553
149  -1.23566
151  -0.54753
152  -1.51868
154  1.18609
158  -0.624235
164  0.643244
165  -0.199847
168  1.29607
170  0.198658
174  1.11849
176  0.322971
177  0.0836439
180  1.29121
187  -0.541967
189  0.115586
194  0.630295
195  -0.701323
198  -1.22511
199  -1.56972
201  0.0886939
203  0.751867
206  -0.752127
209  -0.35889
214  -1.40001
217  0.298323
219  0.10574
223  0.269676
226  -0.0649949
227  -0.358406
232  -1.3199
239  1.15047
244  -1.53042
245  0.33555
247  0.768273
253  0.271989
256  -0.650587
257  -0.41978
260  -0.421502
264  1.24065
266  0.468509
267  -0.786488
270  -0.537337
271  1.06064
276  0.20142
279  -1.37041
281  -1.55761
283  -0.990339
286  0.774566
288  -0.848042
290  0.462992
300  -1.24981
306  -0.559758
307  1.13565
309  0.886451
311  -0.128458
315  0.312213
320  -0.788079
322  0.476412
325  -0.278092
330  -1.03095
331  0.653921
333  -0.697834
335  -0.401476
339  0.901977
342  -0.401195
344  0.0926374
346  0.730979
348  1.56851
350  -0.639406
351  -1.53322
354  0.494148
356  1.07571
360  0.130625
366  0.0135655
368  -0.161259
371  -0.685262
373  0.591412
375  0.610141
377  -0.32014
381  -0.026028
384  -0.333898
388  0.802812
389  0.122254
394  1.02296
395  -0.921479
397  -1.15842
400  -0.859161
402  0.283748
405  -0.449413
407  -0.526812
411  0.869133
413  -0.667199
418  -1.06504
422  -0.0832238
425  -0.995773
429  0.0559412
431  -0.606478
433  -1.50408
436  -0.883354
442  -0.533726
444  0.913877
447  -0.161077
450  1.14382
451  1.53369
457  -1.56974
459  0.883645
463  0.825237
465  1.3367
466  0.744315
469  -0.7067
471  -0.192236
473  1.06752
487  0.970395
493  0.229362
497  -0.822414
503  -0.357609
506  1.00435
507  -0.225766
509  0.511473
520  1.19429
528  -1.20323
532  -0.573131
536  0.71633
537  -0.707214
540  0.384556
541  0.0154089
546  -1.1385
554  0.717533
558  -1.31922
561  -0.270998
563  1.00759
567  -1.48614
570  -0.253166
573  0.776097
575  1.35611
577  -4.36375e-15
579  -0.746334
581  -0.465213
584  -0.41613
588  0.059445
589  0.187466
592  -1.39457
596  1.52468
598  -0.214373
599  0.867395
601  -1.18423
605  -1.53658
607  0.207223
610  -0.387374
611  0.868057
613  -1.45411
615  0.274012
617  0.403388
622  0.16462
634  -1.25637
635  -0.0827481
637  0.183337
640  0.786405
643  -1.33779
646  0.332974
655  -0.930232
660  1.07904
661  1.54814
664  -0.376413
665  -0.334239
669  0.561549
671  0.506531
680  -1.18988
681  1.3427
684  -0.756836
685  -1.47718
687  -0.20443
690  -0.717336
692  0.289363
695  -1.4752
697  0.638333
699  -1.30274
701  -0.481857
703  1.48367
707  -0.606945
712  1.40003
716  -1.48026
717  1.18029
721  -0.666227
723  1.46575
725  -0.443048
727  -1.05466
737  -0.991912
745  0.0995253
754  -1.14599
757  0.132915
759  0.431575
762  1.08692
763  -0.32197
765  0.527603
774  -0.743641
775  -1.34903
778  0.862685
785  1.41476
787  0.0470892
791  -1.5234
794  0.0635191
796  0.9228
798  0.8705
805  -1.2212
806  0.507755
807  -0.102527
811  -0.891353
813  0.151406
816  0.0954385
817  -0.571069
820  1.45972
823  -1.1134
827  0.718337
829  -1.56934
833  1.44247
834  -0.49499
841  0.59652
845  0.235289
847  0.480981
851  -1.0584
854  1.38321
855  1.14213
862  1.56959
863  0.0852318
865  0.257008
876  -0.171362
877  0.886599
880  1.48188
886  -0.266012
887  0.0982088
892  1.37467
895  -0.307978
897  -0.8886
901  1.37367
903  0.0379891
908  -0.102282
911  -0.782781
913  -0.984502
915  0.165475
917  0.00482249
921  0.930878
923  -0.704051
925  -1.05776
927  -0.366816
932  -1.56164
934  -1.23616
935  -1.25239
936  1.37525
938  1.11707
939  -0.729473
943  -0.162841
948  0.798441
949  -1.1124
952  -1.32761
954  0.466835
956  0.503414
962  -1.24057
965  -0.249349
969  -0.265742
972  -0.318629
974  1.23137
976  -0.0845819
977  1.06984
980  -1.53469
984  0.0394363
986  -1.00887
991  -0.894786
993  0.968105
997  1.22768
